-0.13429373502731323,-1.0036625862121582,0.21145159006118774,-35384584.0,-383039328.0,717456192.0,-700147776.0
-0.139177143573761,-1.0031741857528687,0.21389329433441162,-299995232.0,-78053768.0,810020288.0,-633008000.0
-0.14149676263332367,-0.9736295938491821,0.21767793595790863,-514584576.0,231803184.0,780781376.0,-474101216.0
-0.15138566493988037,-0.9605664610862732,0.22707849740982056,-654059136.0,508029152.0,637572992.0,-246038992.0
-0.15810035169124603,-0.9617873430252075,0.23061896860599518,-697838592.0,710323392.0,401325824.0,17916360.0
-0.14601391553878784,-0.9671590924263,0.24099621176719666,-639668608.0,808950400.0,106311288.0,279361280.0
-0.13954339921474457,-0.9703332781791687,0.2439262568950653,-487882016.0,789356096.0,-204360432.0,500046368.0
-0.14222927391529083,-0.9594677090644836,0.2601636052131653,-264791840.0,654170112.0,-485198112.0,647650368.0
-0.146746426820755,-0.9641069173812866,0.25479185581207275,3654266.0,416982656.0,-698936064.0,700372736.0
-0.1507752388715744,-0.9733853936195374,0.23782199621200562,265358832.0,123313248.0,-804565440.0,648054400.0
-0.13807837665081024,-0.9726529121398926,0.2458796203136444,488497728.0,-188402336.0,-792335872.0,500998912.0
-0.1388108879327774,-0.9492125511169434,0.2582102417945862,640423808.0,-472377760.0,-663962304.0,280699488.0
-0.14833353459835052,-0.9537296891212463,0.24673421680927277,698468416.0,-687301056.0,-438525728.0,19387788.0
-0.14784519374370575,-0.9583689570426941,0.24710047245025635,654276096.0,-801718656.0,-148925440.0,-244770640.0
-0.14442680776119232,-0.9536076188087463,0.24868758022785187,509870880.0,-797281088.0,169664992.0,-478027008.0
-0.14552557468414307,-0.9461604356765747,0.2600415050983429,293294464.0,-674666944.0,456190336.0,-635306816.0
-0.1526065170764923,-0.9373703002929688,0.2600415050983429,33639600.0,-453270240.0,676011392.0,-699531648.0
-0.16005371510982513,-0.9294347167015076,0.24844340980052948,-230849536.0,-165672384.0,796901248.0,-661158848.0
-0.15321694314479828,-0.9527530074119568,0.2513734698295593,-461533408.0,146280400.0,801175616.0,-525954432.0
-0.14125259220600128,-0.9464045763015747,0.26712244749069214,-624962432.0,436624512.0,687868288.0,-313910496.0
-0.1466243416070938,-0.9549505710601807,0.2513734698295593,-696782080.0,663064064.0,473954400.0,-55941896.0
-0.14357221126556396,-0.9498229622840881,0.2582102417945862,-664636864.0,794109120.0,183429008.0,216619088.0
-0.1389329731464386,-0.9525088667869568,0.25454768538475037,-534800512.0,804510784.0,-127905024.0,450902048.0
-0.13600292801856995,-0.952142596244812,0.2594310939311981,-326585280.0,697108608.0,-420551360.0,619225088.0
-0.1331949681043625,-0.9475033283233643,0.26297155022621155,-70385208.0,487532096.0,-651608128.0,696912320.0
-0.13258454203605652,-0.9588572978973389,0.2677328884601593,195996272.0,206481648.0,-787162944.0,672492992.0
-0.13990965485572815,-0.9576364159584045,0.25674521923065186,433683872.0,-104855648.0,-807507584.0,549341952.0
-0.1408863365650177,-0.9631302356719971,0.261994868516922,607778496.0,-400858592.0,-709430336.0,345756864.0
-0.13795629143714905,-0.9620314836502075,0.26065194606781006,693690880.0,-642628672.0,-501532416.0,84900424.0
-0.14052008092403412,-0.9625198245048523,0.269442081451416,674902016.0,-783663488.0,-223530240.0,-182577360.0
-0.14406055212020874,-0.9632523655891418,0.2623611390590668,557061568.0,-809863744.0,87242856.0,-423217824.0
-0.1529727727174759,-0.9728970527648926,0.25479185581207275,357549984.0,-717476864.0,385268000.0,-601560512.0
-0.14943230152130127,-0.9710658192634583,0.26272737979888916,105603800.0,-519787552.0,626807936.0,-691882944.0
-0.1548040509223938,-0.9572701454162598,0.25674521923065186,-161792304.0,-246054288.0,776418816.0,-680717184.0
-0.15431571006774902,-0.9597118496894836,0.25662311911582947,-410825920.0,71183528.0,811711616.0,-565862848.0
-0.15333902835845947,-0.9560493230819702,0.25882065296173096,-593301376.0,370921792.0,725653504.0,-369809408.0
-0.15541447699069977,-0.9615431427955627,0.2533268332481384,-688729408.0,616330816.0,533300608.0,-119582776.0
-0.15211817622184753,-0.9603223204612732,0.25479185581207275,-683305920.0,771372160.0,262787072.0,148129984.0
-0.14931021630764008,-0.9562934637069702,0.2558906078338623,-577738240.0,813385984.0,-46240592.0,394214496.0
-0.1430838704109192,-0.9488462805747986,0.2536930739879608,-387487712.0,736233856.0,-348357632.0,582564480.0
-0.13588084280490875,-0.943596601486206,0.26284947991371155,-140440528.0,551178560.0,-599403648.0,685649664.0
-0.13246245682239532,-0.9471371173858643,0.26284947991371155,133768328.0,278413856.0,-765265856.0,686936320.0
-0.1287999004125595,-0.9514100551605225,0.2577219009399414,381893312.0,-29689882.0,-813890624.0,586327232.0
-0.1329507976770401,-0.9483579397201538,0.2597973346710205,574030912.0,-333485440.0,-743231168.0,399756032.0
-0.12928824126720428,-0.9550726413726807,0.2644365727901459,682059264.0,-588280576.0,-563644224.0,154750960.0
-0.13197411596775055,-0.9529972076416016,0.266389936208725,690196928.0,-756910208.0,-301453856.0,-112969712.0
-0.12953241169452667,-0.9586130976676941,0.26712244749069214,597275840.0,-814601792.0,4848583.0,-364120160.0
-0.13234037160873413,-0.9536076188087463,0.27640092372894287,416955744.0,-752968960.0,310397952.0,-561925440.0
-0.1330728828907013,-0.9525088667869568,0.2679770588874817,169058736.0,-576083840.0,575746752.0,-678957824.0
-0.12635819613933563,-0.9708216190338135,0.2702966630458832,-98132560.0,-317670624.0,749876864.0,-692864704.0
-0.12025393545627594,-0.9619094133377075,0.2654132544994354,-351145376.0,-12929568.0,814170688.0,-605456320.0
-0.1250152587890625,-0.961176872253418,0.26858747005462646,-552750144.0,293694784.0,759387776.0,-429490784.0
-0.12025393545627594,-0.9670369625091553,0.266389936208725,-673490304.0,557339520.0,593594880.0,-190657104.0
-0.11830057203769684,-0.9681357741355896,0.27102917432785034,-695793600.0,739463680.0,340872960.0,76104224.0
-0.1269686222076416,-0.9772921204566956,0.2621169686317444,-616240576.0,813491776.0,38353352.0,331555616.0
-0.12477108836174011,-0.9780246615409851,0.2678549587726593,-441533216.0,766038528.0,-276735360.0,542745280.0
-0.12391649186611176,-0.9741179347038269,0.2733488082885742,-205604848.0,606041088.0,-543919808.0,668964608.0
-0.1251373440027237,-0.9686241149902344,0.2702966630458832,60390212.0,357441792.0,-731565312.0,697368000.0
-0.11878891289234161,-0.9569039344787598,0.278354287147522,317718016.0,56475008.0,-812151296.0,623857088.0
-0.1191551685333252,-0.9540959596633911,0.273959219455719,528563776.0,-252810256.0,-773922688.0,458990720.0
-0.11805640161037445,-0.9597118496894836,0.2718837857246399,662015616.0,-525088448.0,-622417856.0,227013088.0
-0.11048711836338043,-0.9588572978973389,0.2698083221912384,698197504.0,-723930112.0,-373305728.0,-44830656.0
-0.1071908175945282,-0.9529972076416016,0.2680991291999817,630301824.0,-811039296.0,-74327728.0,-303861408.0
-0.10951043665409088,-0.9612990021705627,0.2656574249267578,470153536.0,-779564928.0,235587184.0,-518318816.0
-0.10291783511638641,-0.9587351679801941,0.2720058560371399,241267584.0,-633962176.0,510970752.0,-657048192.0
-0.11207422614097595,-0.9587351679801941,0.26883164048194885,-22848120.0,-395708800.0,711669312.0,-699528960.0
-0.10999877750873566,-0.9591014385223389,0.27286046743392944,-283753664.0,-99504688.0,808267200.0,-639693888.0
-0.11231839656829834,-0.9612990021705627,0.27115127444267273,-503158240.0,211255792.0,786569856.0,-486242912.0
-0.11329507827758789,-0.952142596244812,0.27066293358802795,-651382336.0,496936832.0,645322816.0,-255411024.0
-0.11280673742294312,-0.9544622302055359,0.27627885341644287,-699895296.0,702688512.0,411380096.0,7960056.0
-0.11231839656829834,-0.9490904808044434,0.26895374059677124,-645893824.0,805576960.0,117285848.0,270245248.0
-0.11048711836338043,-0.9473812580108643,0.27481383085250854,-497421408.0,790533952.0,-193913840.0,492896448.0
-0.11195214092731476,-0.9514100551605225,0.2734708786010742,-276156608.0,659806848.0,-476820992.0,643393856.0
-0.11207422614097595,-0.9499450325965881,0.27688926458358765,-14598108.0,432471232.0,-689889984.0,699806272.0
-0.11219631135463715,-0.9453058242797852,0.27664509415626526,249151136.0,141882176.0,-802064896.0,653763392.0
-0.10951043665409088,-0.9444512128829956,0.2781101167201996,481253376.0,-176682032.0,-795330496.0,507493440.0
-0.10731290280818939,-0.9464045763015747,0.28091809153556824,636861824.0,-462117728.0,-670803904.0,289478592.0
-0.10816749930381775,-0.9377365112304688,0.285923570394516,699327488.0,-679937088.0,-448002944.0,29007998.0
-0.10951043665409088,-0.9367598295211792,0.28836527466773987,659353024.0,-798217728.0,-159627600.0,-235674704.0
-0.11268465220928192,-0.9296789169311523,0.2900744676589966,522852064.0,-799614400.0,152115760.0,-465859232.0
-0.11671346426010132,-0.9409107565879822,0.2916615903377533,309802912.0,-683992384.0,441713792.0,-627683840.0
-0.10963252186775208,-0.9383469820022583,0.297887921333313,44778088.0,-462130752.0,670764992.0,-698158976.0
-0.11036503314971924,-0.941643238067627,0.2950799763202667,-220853200.0,-176538416.0,795380224.0,-663588608.0
-0.10474911332130432,-0.9449395537376404,0.30264925956726074,-454146016.0,134898256.0,803459456.0,-531909984.0
-0.10291783511638641,-0.947869598865509,0.2981320917606354,-620928768.0,426569216.0,693913728.0,-322321920.0
-0.09864485263824463,-0.9405444860458374,0.30680015683174133,-696890944.0,655770240.0,482644800.0,-65451556.0
-0.10059821605682373,-0.9361494183540344,0.30423635244369507,-670690112.0,788933056.0,200631104.0,201067296.0
-0.10377243161201477,-0.9423757791519165,0.30460262298583984,-546168640.0,806514944.0,-110814368.0,438035584.0
-0.09840068221092224,-0.9475033283233643,0.30692222714424133,-335725760.0,702172032.0,-412461376.0,614035648.0
-0.10181906819343567,-0.9363936185836792,0.3078989088535309,-80260976.0,495761152.0,-646185600.0,695086144.0
-0.11219631135463715,-0.9361494183540344,0.3038701117038727,186869552.0,216680016.0,-785233920.0,674135552.0
-0.11256256699562073,-0.941399097442627,0.3017946481704712,426571264.0,-94148144.0,-809198528.0,554339584.0
-0.10682456195354462,-0.9450616240501404,0.2995971143245697,603747392.0,-391076864.0,-714591936.0,353309792.0
-0.10426077246665955,-0.9387131929397583,0.29886460304260254,692490560.0,-630683648.0,-515292864.0,100447824.0
-0.09766817092895508,-0.9422537088394165,0.30423635244369507,679753280.0,-777872640.0,-240437408.0,-167215504.0
-0.09412769973278046,-0.9464045763015747,0.2932486832141876,563315648.0,-810441152.0,76999832.0,-415756128.0
-0.09022097289562225,-0.9506775736808777,0.2938591241836548,365973696.0,-721844224.0,376116224.0,-597044608.0
-0.0911976546049118,-0.947869598865509,0.29288244247436523,114961736.0,-527394144.0,620008960.0,-690760192.0
-0.09498229622840881,-0.9536076188087463,0.2994750440120697,-152941152.0,-255453440.0,773034752.0,-683148096.0
-0.09388352930545807,-0.9487242102622986,0.2994750440120697,-398516000.0,53941624.0,812542400.0,-575301376.0
-0.10487119853496552,-0.9488462805747986,0.28836527466773987,-585477952.0,355445728.0,732914496.0,-382925184.0
-0.10352826118469238,-0.9518983960151672,0.29471370577812195,-686533312.0,604735744.0,545733056.0,-134401072.0
-0.09815651178359985,-0.9538517594337463,0.2876327633857727,-685525632.0,767782784.0,271608768.0,140407952.0
-0.0991331934928894,-0.9493346214294434,0.28445854783058167,-582858688.0,813144704.0,-36823204.0,388119840.0
-0.09510438144207001,-0.947991669178009,0.28482481837272644,-394644672.0,739251712.0,-339858912.0,578947264.0
-0.09510438144207001,-0.9509217143058777,0.281528502702713,-148487664.0,556944448.0,-593075328.0,684797376.0
-0.09180808067321777,-0.9559272527694702,0.2840923070907593,119486240.0,292839296.0,-759268672.0,690217856.0
-0.09058722853660583,-0.9518983960151672,0.28250518441200256,370011584.0,-14272191.0,-813983552.0,594339968.0
-0.0931510180234909,-0.9605664610862732,0.27640092372894287,569938432.0,-326117408.0,-746404864.0,405732544.0
-0.0893663763999939,-0.9619094133377075,0.2821389436721802,680795584.0,-582642752.0,-569186560.0,161223296.0
-0.09547063708305359,-0.9605664610862732,0.2774997055530548,691593088.0,-753704320.0,-308395232.0,-106970464.0
-0.09937736392021179,-0.9623977541923523,0.2778659462928772,600817536.0,-814097984.0,-2266981.0,-359415040.0
-0.10487119853496552,-0.9626418948173523,0.2734708786010742,421805952.0,-754977984.0,304149568.0,-559019264.0
-0.10658039152622223,-0.9562934637069702,0.2742033898830414,180869072.0,-584999552.0,565868160.0,-676591936.0
-0.11353924870491028,-0.9527530074119568,0.2680991291999817,-86595136.0,-329257536.0,744551296.0,-694734208.0
-0.10560370981693268,-0.9597118496894836,0.2733488082885742,-347176480.0,-17768832.0,814155712.0,-607638656.0
-0.10157489776611328,-0.9595897793769836,0.2734708786010742,-550352768.0,289503040.0,761116800.0,-432345440.0
-0.09852276742458344,-0.9638627767562866,0.2700524926185608,-672736192.0,554282944.0,596380544.0,-193515264.0
-0.08594799041748047,-0.9713099598884583,0.278232216835022,-696482048.0,737623616.0,343942816.0,73817000.0
-0.09205225110054016,-0.9727749824523926,0.27078500390052795,-617819904.0,812676096.0,40962272.0,330302368.0
-0.09278476238250732,-0.9735075235366821,0.2676107883453369,-448358016.0,768362240.0,-267993552.0,538233664.0
-0.08851177990436554,-0.9750946164131165,0.2735929787158966,-213092480.0,611094400.0,-537538112.0,667180288.0
-0.0893663763999939,-0.9801000952720642,0.26883164048194885,60086472.0,357421376.0,-731456256.0,697519040.0
-0.09168599545955658,-0.9772921204566956,0.2698083221912384,318065472.0,56096164.0,-812213248.0,623633536.0
-0.09559272229671478,-0.9802221655845642,0.26675620675086975,529246752.0,-253452656.0,-773726080.0,458180192.0
-0.09559272229671478,-0.9685019850730896,0.26504701375961304,662787072.0,-525722464.0,-621639488.0,225421872.0
-0.0991331934928894,-0.960932731628418,0.2594310939311981,698942272.0,-720843712.0,-378346624.0,-40488844.0
-0.09644731879234314,-0.9623977541923523,0.2652911841869354,632501632.0,-810113152.0,-79497480.0,-300433056.0
-0.09424978494644165,-0.9592235088348389,0.26309365034103394,468206784.0,-778335296.0,238126944.0,-520762592.0
-0.09473812580108643,-0.9641069173812866,0.2672445476055145,238148096.0,-631427840.0,513418048.0,-658716736.0
-0.09144182503223419,-0.9743620753288269,0.2633378207683563,-26933574.0,-391734464.0,713316736.0,-699942464.0
-0.0911976546049118,-0.9672811627388,0.2644365727901459,-288088480.0,-94544168.0,808321856.0,-638438528.0
-0.0893663763999939,-0.971554160118103,0.2699304223060608,-506921152.0,216529184.0,784580928.0,-483218688.0
-0.08655841648578644,-0.9678915739059448,0.2659015953540802,-651356544.0,495782400.0,645621760.0,-256960144.0
-0.09351727366447449,-0.9663044810295105,0.25906482338905334,-700012224.0,702279936.0,411895488.0,7023571.0
-0.09058722853660583,-0.9703332781791687,0.2600415050983429,-643238784.0,806719296.0,110407040.0,276006656.0
-0.08704675734043121,-0.9741179347038269,0.25918692350387573,-492308640.0,788835712.0,-200915600.0,497920480.0
-0.0872909277677536,-0.9627640247344971,0.2637040615081787,-269191680.0,655154176.0,-482626080.0,646763072.0
-0.08863386511802673,-0.961176872253418,0.26504701375961304,-6501807.0,425287488.0,-693579136.0,700683776.0
-0.08582590520381927,-0.9697228670120239,0.2613844573497772,257170368.0,132997896.0,-802734592.0,651700608.0
-0.08289586007595062,-0.9680136442184448,0.26065194606781006,483103040.0,-178741616.0,-793985344.0,507120928.0
-0.08582590520381927,-0.965571939945221,0.25845441222190857,638148736.0,-464244992.0,-668713408.0,288073984.0
-0.08155292272567749,-0.971554160118103,0.2599194347858429,699710720.0,-685651392.0,-439094624.0,20110796.0
-0.08020998537540436,-0.965327799320221,0.25869858264923096,656052160.0,-800205568.0,-149241344.0,-244775760.0
-0.08875595033168793,-0.9581247568130493,0.2596752643585205,516091008.0,-797356864.0,162565600.0,-473672896.0
-0.08887803554534912,-0.9641069173812866,0.254303514957428,300392160.0,-677592768.0,450506240.0,-632928320.0
-0.0833842009305954,-0.9692345261573792,0.25882065296173096,40644596.0,-458373408.0,672310208.0,-699401408.0
-0.08314003050327301,-0.9626418948173523,0.2613844573497772,-225070704.0,-171930944.0,795424192.0,-663328576.0
-0.07874496281147003,-0.9626418948173523,0.2637040615081787,-457812160.0,139688944.0,801807104.0,-530020608.0
-0.079355388879776,-0.9591014385223389,0.2652911841869354,-626399232.0,437101376.0,686661120.0,-313024512.0
-0.08033207058906555,-0.9630081653594971,0.26297155022621155,-698185216.0,663105792.0,471991040.0,-54535144.0
-0.08106458187103271,-0.947869598865509,0.2655353546142578,-667583616.0,791778048.0,188137968.0,212002896.0
-0.08314003050327301,-0.9440849423408508,0.2617506980895996,-538975232.0,804357888.0,-123347960.0,447460480.0
-0.079355388879776,-0.952020525932312,0.2617506980895996,-331335552.0,698991616.0,-416693056.0,617183808.0
-0.07593700289726257,-0.9512879848480225,0.2580881416797638,-75017728.0,491111232.0,-648932864.0,696412032.0
-0.07850079238414764,-0.9467708468437195,0.2602856755256653,198652912.0,204058928.0,-787888000.0,671603328.0
-0.07581491768360138,-0.9501892328262329,0.26700037717819214,436635072.0,-107010352.0,-806690240.0,547787328.0
-0.07996581494808197,-0.9537296891212463,0.2680991291999817,610580928.0,-402450144.0,-707179712.0,343574144.0
-0.07801245152950287,-0.9571480751037598,0.27066293358802795,694969600.0,-638837504.0,-503897440.0,88953568.0
-0.08057624101638794,-0.9644731879234314,0.27090710401535034,677391616.0,-781507648.0,-226713584.0,-178630496.0
-0.08033207058906555,-0.9603223204612732,0.27493590116500854,560485632.0,-809483264.0,83752248.0,-420118752.0
-0.07996581494808197,-0.9577584862709045,0.27102917432785034,361377504.0,-718770048.0,381830368.0,-599919168.0
-0.07984372973442078,-0.9420095086097717,0.2696862518787384,102612456.0,-517008896.0,628652800.0,-692740672.0
-0.08179709315299988,-0.9503113031387329,0.2633378207683563,-165434896.0,-242864336.0,776818752.0,-680530944.0
-0.0733732134103775,-0.9666707515716553,0.2660236954689026,-409202976.0,66959800.0,811025536.0,-568531776.0
-0.07190819084644318,-0.9692345261573792,0.2639482319355011,-592969984.0,366901344.0,726249792.0,-373165824.0
-0.06971065700054169,-0.9702112078666687,0.27298253774642944,-689879744.0,613029824.0,534818816.0,-123088216.0
-0.07007691264152527,-0.9688682556152344,0.2717616856098175,-685568320.0,769203968.0,264955536.0,145056512.0
-0.06848980486392975,-0.9619094133377075,0.2801855802536011,-580701120.0,812458304.0,-43882332.0,392037696.0
-0.06873397529125214,-0.9660602807998657,0.2803076505661011,-385054400.0,733298752.0,-353014336.0,585071296.0
-0.07056525349617004,-0.9703332781791687,0.2774997055530548,-136691072.0,546817472.0,-602939968.0,686797696.0
-0.06812354922294617,-0.9687461853027344,0.2820168435573578,131748528.0,279996832.0,-764305984.0,687751360.0
-0.07618117332458496,-0.9663044810295105,0.2777438759803772,380748224.0,-27926948.0,-813521664.0,587669056.0
-0.07581491768360138,-0.9732633233070374,0.2742033898830414,573794688.0,-331791232.0,-743346624.0,401287392.0
-0.07679159939289093,-0.9746062755584717,0.27273836731910706,682598784.0,-586953472.0,-564026176.0,156014432.0
-0.07813453674316406,-0.9792454838752747,0.2680991291999817,690027328.0,-758709760.0,-295064832.0,-118659312.0
-0.07166402041912079,-0.9768037796020508,0.2717616856098175,594933888.0,-813778048.0,11940032.0,-369591552.0
-0.07398363947868347,-0.9813209772109985,0.26297155022621155,412526304.0,-749430016.0,317092672.0,-566171712.0
-0.06592601537704468,-0.9749725461006165,0.2742033898830414,169458048.0,-574914944.0,575723648.0,-679868032.0
-0.06507141888141632,-0.9755829572677612,0.2616286277770996,-98567480.0,-316088800.0,749783616.0,-693626944.0
-0.06324014067649841,-0.9746062755584717,0.26260530948638916,-352130240.0,-10826204.0,813689152.0,-605572864.0
-0.06763520836830139,-0.9820534586906433,0.2563789486885071,-553909952.0,296093632.0,758149568.0,-428535904.0
-0.0634843111038208,-0.9771700501441956,0.26040777564048767,-676162496.0,564801984.0,586120704.0,-182172976.0
-0.06983274221420288,-0.9758270978927612,0.2516176402568817,-695128960.0,743645760.0,330728416.0,85597368.0
-0.0694664865732193,-0.9771700501441956,0.25088512897491455,-612082752.0,813281280.0,26761476.0,340783776.0
-0.07386155426502228,-0.9752166867256165,0.24722255766391754,-439148416.0,763593728.0,-281101216.0,545872640.0
-0.07007691264152527,-0.9752166867256165,0.25112929940223694,-201743024.0,601768320.0,-547712832.0,670900032.0
-0.07117567956447601,-0.9727749824523926,0.24844340980052948,65360148.0,351571744.0,-733924288.0,697425280.0
-0.06763520836830139,-0.9728970527648926,0.24758881330490112,322842912.0,49839496.0,-812333184.0,621550336.0
-0.06580393016338348,-0.9732633233070374,0.2483213245868683,537267072.0,-266298192.0,-769085696.0,449286240.0
-0.067391037940979,-0.9694786667823792,0.24734464287757874,667012672.0,-535928224.0,-612317696.0,214157968.0
-0.07264070212841034,-0.9643511176109314,0.24661213159561157,698718592.0,-726850176.0,-365590016.0,-52407428.0
-0.07300695776939392,-0.9659382104873657,0.24343791604042053,627712000.0,-811027264.0,-65147520.0,-311271136.0
-0.0715419352054596,-0.9639848470687866,0.24734464287757874,464563232.0,-775994368.0,244851984.0,-524387968.0
-0.08033207058906555,-0.9674032330513,0.23977535963058472,233211584.0,-627085056.0,518930208.0,-660310272.0
-0.08020998537540436,-0.9666707515716553,0.2458796203136444,-32288616.0,-386057536.0,716768512.0,-699343552.0
-0.0813087522983551,-0.971920371055603,0.24062995612621307,-298986976.0,-81056680.0,810219712.0,-632852352.0
-0.07923330366611481,-0.9614210724830627,0.2519838809967041,-515335392.0,229299184.0,781063296.0,-474038976.0
-0.08252960443496704,-0.9641069173812866,0.24844340980052948,-655955712.0,506069184.0,637370304.0,-245553808.0
-0.07862287759780884,-0.9638627767562866,0.25503602623939514,-700363712.0,708487104.0,400123616.0,18954744.0
-0.07618117332458496,-0.9606885313987732,0.25674521923065186,-642014080.0,806890304.0,104147776.0,280750208.0
-0.07813453674316406,-0.9623977541923523,0.25308266282081604,-489373920.0,786911232.0,-207089584.0,501317568.0
-0.07496032118797302,-0.9598339796066284,0.2555243670940399,-258768640.0,646990400.0,-493792320.0,650793984.0
-0.07520449161529541,-0.9588572978973389,0.25503602623939514,4924742.0,414004928.0,-700801728.0,700267200.0
-0.07434989511966705,-0.9628860950469971,0.25723356008529663,267835296.0,120275712.0,-805011392.0,647051968.0
-0.08069832623004913,-0.9689903259277344,0.25711145997047424,491365888.0,-191167104.0,-791217600.0,498909760.0
-0.08314003050327301,-0.9664265513420105,0.25698938965797424,642803520.0,-474554240.0,-661406208.0,277606304.0
-0.0892442911863327,-0.9619094133377075,0.257599800825119,699937728.0,-688358720.0,-434656160.0,15652762.0
-0.08948846161365509,-0.9633744359016418,0.2597973346710205,654494272.0,-801232576.0,-144138800.0,-248614352.0
-0.09376144409179688,-0.956659734249115,0.2578439712524414,508508992.0,-795134528.0,174678208.0,-481236640.0
-0.08765718340873718,-0.9621535539627075,0.2624832093715668,290525152.0,-671070208.0,460526400.0,-637257280.0
-0.08289586007595062,-0.9612990021705627,0.2602856755256653,29853740.0,-448684192.0,678856640.0,-699904576.0
-0.07825662195682526,-0.9686241149902344,0.26260530948638916,-235155264.0,-160560688.0,797667456.0,-659977536.0
-0.07264070212841034,-0.9666707515716553,0.26480284333229065,-465800128.0,151068096.0,799503808.0,-523377312.0
-0.07630325853824615,-0.9710658192634583,0.26272737979888916,-628086784.0,440592608.0,684208576.0,-310105312.0
-0.07068733870983124,-0.9689903259277344,0.269564151763916,-698444160.0,665482240.0,468598656.0,-51438884.0
-0.07850079238414764,-0.9623977541923523,0.2698083221912384,-664359232.0,794567168.0,177087184.0,221023696.0
-0.08106458187103271,-0.9633744359016418,0.2715175151824951,-532647936.0,802872448.0,-134357360.0,454479520.0
-0.08314003050327301,-0.9614210724830627,0.27054083347320557,-322866848.0,693535616.0,-426133120.0,621367424.0
-0.08094249665737152,-0.9597118496894836,0.2702966630458832,-65754492.0,482589184.0,-655441664.0,697209920.0
-0.07862287759780884,-0.9597118496894836,0.26907581090927124,201010320.0,200967184.0,-788685312.0,670897920.0
-0.07789036631584167,-0.9586130976676941,0.2673666179180145,438374656.0,-110124048.0,-806394176.0,546214464.0
-0.06848980486392975,-0.9553167819976807,0.26907581090927124,614794240.0,-411418496.0,-702175168.0,335610528.0
-0.06372848153114319,-0.9575143456459045,0.26858747005462646,696097664.0,-644998784.0,-495930688.0,79992552.0
-0.063606396317482,-0.9604443907737732,0.27310463786125183,675314880.0,-784041536.0,-216856016.0,-187413152.0
-0.056647539138793945,-0.9604443907737732,0.27481383085250854,555464576.0,-807985792.0,94023368.0,-427433216.0
-0.059821754693984985,-0.9614210724830627,0.2753021717071533,354030848.0,-713320960.0,391203776.0,-604744960.0
-0.06433890759944916,-0.956659734249115,0.2737150490283966,100596144.0,-513922816.0,630956608.0,-693238080.0
-0.06861189007759094,-0.9534855484962463,0.27481383085250854,-167544624.0,-239087456.0,778083776.0,-679906688.0
-0.06800146400928497,-0.956781804561615,0.266267865896225,-416414624.0,78206144.0,810352128.0,-562790848.0
-0.07325112819671631,-0.9680136442184448,0.2657795250415802,-597686400.0,377001344.0,721422016.0,-364846208.0
-0.07080942392349243,-0.9621535539627075,0.2624832093715668,-691285504.0,620366848.0,526634848.0,-113342688.0
-0.07764619588851929,-0.9693565964698792,0.2674887180328369,-683415680.0,772773760.0,254448112.0,154730192.0
-0.07654742896556854,-0.9641069173812866,0.269442081451416,-575298880.0,811673088.0,-55035416.0,400138240.0
-0.08191917836666107,-0.9584910273551941,0.26040777564048767,-382603328.0,731564160.0,-356433664.0,586775168.0
-0.07203027606010437,-0.9627640247344971,0.26114028692245483,-133699472.0,544068352.0,-605475200.0,687339328.0
-0.07264070212841034,-0.9659382104873657,0.2602856755256653,141335168.0,269705856.0,-768186816.0,685633728.0
-0.07398363947868347,-0.9592235088348389,0.2599194347858429,389176896.0,-38781080.0,-813061696.0,582142208.0
-0.07044316828250885,-0.9688682556152344,0.261872798204422,579870208.0,-341661696.0,-738493568.0,393149600.0
-0.07410572469234467,-0.9685019850730896,0.257477730512619,685359424.0,-594255936.0,-555514432.0,146518352.0
-0.0753265768289566,-0.9605664610862732,0.25930899381637573,690256256.0,-759612672.0,-290952640.0,-121667536.0
-0.07593700289726257,-0.9602001905441284,0.2639482319355011,593848128.0,-813422592.0,16336556.0,-371944544.0
-0.07984372973442078,-0.9599560499191284,0.2597973346710205,404738848.0,-744982144.0,328049952.0,-571395520.0
-0.08008790016174316,-0.9573922753334045,0.2582102417945862,159838560.0,-567254912.0,584146752.0,-681445248.0
-0.07801245152950287,-0.9625198245048523,0.26065194606781006,-108452680.0,-306237728.0,754461696.0,-691495168.0
-0.08155292272567749,-0.9669148921966553,0.2563789486885071,-360825984.0,-231393.0,814082432.0,-599996544.0
-0.07862287759780884,-0.9621535539627075,0.261872798204422,-560317760.0,305797248.0,754120640.0,-420423072.0
-0.08301794528961182,-0.9639848470687866,0.25650104880332947,-677403520.0,566902592.0,583588992.0,-179140448.0
-0.07715785503387451,-0.9593456387519836,0.2562568783760071,-695150848.0,744756992.0,327391968.0,88534192.0
-0.08069832623004913,-0.9592235088348389,0.2540593445301056,-607494528.0,813554048.0,15755325.0,348931904.0
-0.07679159939289093,-0.965449869632721,0.254425585269928,-431693248.0,759840640.0,-291385408.0,551633216.0
-0.07288487255573273,-0.9677695035934448,0.25723356008529663,-192552032.0,594570176.0,-555714880.0,673433408.0
-0.07422780990600586,-0.9636185765266418,0.25540226697921753,74880776.0,342090304.0,-738475200.0,696378496.0
-0.07325112819671631,-0.9644731879234314,0.254303514957428,331380736.0,39364368.0,-812871296.0,617089152.0
-0.07520449161529541,-0.9677695035934448,0.25930899381637573,539155520.0,-269143456.0,-767953792.0,447260096.0
-0.07410572469234467,-0.9682578444480896,0.2556464374065399,667779840.0,-538155392.0,-610366464.0,211738320.0
-0.07203027606010437,-0.9685019850730896,0.2601636052131653,697870784.0,-731454784.0,-356503008.0,-61460296.0
-0.07850079238414764,-0.9685019850730896,0.254425585269928,623630400.0,-811807296.0,-55189212.0,-319264224.0
-0.07923330366611481,-0.971554160118103,0.2597973346710205,457920160.0,-773006208.0,254226800.0,-530151680.0
-0.0775241106748581,-0.9705774784088135,0.2595531642436981,225012880.0,-620740608.0,526317088.0,-663296448.0
-0.07691368460655212,-0.9670369625091553,0.26040777564048767,-40903976.0,-377405824.0,721132928.0,-699128384.0
-0.07593700289726257,-0.9746062755584717,0.2602856755256653,-300844896.0,-78595512.0,810148160.0,-632373760.0
-0.07715785503387451,-0.9713099598884583,0.25650104880332947,-516578208.0,231657968.0,780289664.0,-472811904.0
-0.07813453674316406,-0.9726529121398926,0.2582102417945862,-658744000.0,513759168.0,631315904.0,-237633344.0
-0.07605908811092377,-0.9688682556152344,0.25479185581207275,-699939328.0,713273984.0,391780096.0,27477884.0
-0.07422780990600586,-0.9671590924263,0.2602856755256653,-638484032.0,808101184.0,94720040.0,288548544.0
-0.06922231614589691,-0.9710658192634583,0.2541814148426056,-483320800.0,784354496.0,-216209424.0,507310560.0
-0.07190819084644318,-0.9688682556152344,0.25723356008529663,-257273456.0,645518016.0,-495427360.0,651605760.0
-0.07325112819671631,-0.9731412529945374,0.257599800825119,6525864.0,411915424.0,-701987136.0,700298944.0
-0.07300695776939392,-0.9681357741355896,0.2577219009399414,275499232.0,110578936.0,-806554432.0,643633344.0
-0.07569283246994019,-0.9627640247344971,0.25515809655189514,497464672.0,-200586288.0,-788967104.0,492693024.0
-0.06690269708633423,-0.9602001905441284,0.26504701375961304,646552896.0,-482261120.0,-655506624.0,269492256.0
-0.07886704802513123,-0.9643511176109314,0.25454768538475037,700560192.0,-693314368.0,-425918560.0,6745157.0
-0.07080942392349243,-0.9659382104873657,0.26101818680763245,651808128.0,-802554816.0,-133790712.0,-257047632.0
-0.0754486620426178,-0.9752166867256165,0.2539372444152832,507357472.0,-794057920.0,177970288.0,-483020160.0
-0.07605908811092377,-0.9739958643913269,0.25662311911582947,288507008.0,-668973760.0,463596416.0,-638151744.0
-0.0775241106748581,-0.9641069173812866,0.25540226697921753,20659712.0,-439564416.0,685180544.0,-699861056.0
-0.07996581494808197,-0.9693565964698792,0.2579660713672638,-244105168.0,-149801776.0,800108480.0,-656292608.0
-0.07691368460655212,-0.9686241149902344,0.2503967881202698,-473076256.0,161833552.0,797677760.0,-516372352.0
-0.07959955930709839,-0.9683799147605896,0.2505188584327698,-632603072.0,449734272.0,678264512.0,-300717824.0
-0.07459406554698944,-0.971920371055603,0.2517397105693817,-699381760.0,671655168.0,459338144.0,-40920064.0
-0.0754486620426178,-0.9667928218841553,0.2503967881202698,-663590464.0,795011264.0,173092416.0,224867216.0
-0.07776828110218048,-0.9632523655891418,0.2518618106842041,-530483584.0,801780928.0,-138559648.0,457664960.0
-0.07361738383769989,-0.9672811627388,0.2514955401420593,-313639424.0,687035776.0,-436170848.0,626329536.0
-0.07679159939289093,-0.971798300743103,0.2517397105693817,-55247944.0,472726304.0,-662492160.0,698214208.0
-0.07776828110218048,-0.9685019850730896,0.2502746880054474,211249904.0,189077376.0,-791636224.0,667725056.0
-0.08204126358032227,-0.9692345261573792,0.2514955401420593,446687296.0,-122292048.0,-804711296.0,539329536.0
-0.08082041144371033,-0.9689903259277344,0.2555243670940399,616654336.0,-415720352.0,-699768768.0,331902400.0
-0.08228543400764465,-0.9698449373245239,0.25528019666671753,696187264.0,-648243520.0,-492218784.0,75800688.0
-0.08033207058906555,-0.9693565964698792,0.25650104880332947,671800064.0,-787609152.0,-205334192.0,-197777424.0
-0.08607007563114166,-0.9683799147605896,0.25894275307655334,548362944.0,-806921536.0,105823864.0,-435773440.0
-0.079355388879776,-0.976193368434906,0.25894275307655334,344526624.0,-707869312.0,401424192.0,-609920128.0
-0.07618117332458496,-0.9623977541923523,0.266389936208725,90141456.0,-504966080.0,638038208.0,-694775168.0
-0.07764619588851929,-0.9581247568130493,0.2639482319355011,-177558192.0,-227996416.0,781106944.0,-677705088.0
-0.07178610563278198,-0.9627640247344971,0.27102917432785034,-419259584.0,82472632.0,809542400.0,-561232832.0
-0.06971065700054169,-0.9597118496894836,0.26272737979888916,-599457024.0,380736000.0,719219328.0,-362403648.0
-0.07459406554698944,-0.9658161401748657,0.25894275307655334,-692571136.0,628000256.0,517775424.0,-103879680.0
-0.06873397529125214,-0.9628860950469971,0.25845441222190857,-680948736.0,776413568.0,243880192.0,164118272.0
-0.0753265768289566,-0.9731412529945374,0.25650104880332947,-569456064.0,811068608.0,-65938196.0,407996480.0
-0.07264070212841034,-0.9632523655891418,0.2583323121070862,-374479776.0,726741888.0,-365974144.0,592111104.0
-0.07203027606010437,-0.9555609822273254,0.2678549587726593,-124527440.0,535769952.0,-612357248.0,689480640.0
-0.07520449161529541,-0.9623977541923523,0.26504701375961304,143777360.0,266109744.0,-769024256.0,685592384.0
-0.0733732134103775,-0.956415593624115,0.26931998133659363,391039328.0,-42617356.0,-812753536.0,581055296.0
-0.08033207058906555,-0.9683799147605896,0.26065194606781006,584394944.0,-351851104.0,-734104960.0,385609536.0
-0.07373946905136108,-0.9664265513420105,0.2657795250415802,686707520.0,-601874688.0,-547923904.0,137406464.0
-0.08118666708469391,-0.9698449373245239,0.26260530948638916,688142656.0,-763614016.0,-281332960.0,-130868560.0
-0.07703576982021332,-0.9622756838798523,0.26321572065353394,588643968.0,-813232064.0,26454540.0,-379965248.0
-0.0774020254611969,-0.9674032330513,0.25540226697921753,402665984.0,-743629120.0,330399584.0,-573265600.0
-0.07483823597431183,-0.9666707515716553,0.25930899381637573,157644064.0,-564880064.0,585809792.0,-682500736.0
-0.07764619588851929,-0.9671590924263,0.2580881416797638,-110486336.0,-303228992.0,755306176.0,-691577216.0
-0.07850079238414764,-0.9671590924263,0.254303514957428,-368033152.0,10297790.0,813976192.0,-595659136.0
-0.07886704802513123,-0.965571939945221,0.2535710036754608,-565130688.0,315459456.0,750352512.0,-413527776.0
-0.0754486620426178,-0.9602001905441284,0.2659015953540802,-679411456.0,574296768.0,576494784.0,-170758736.0
-0.08436088263988495,-0.9555609822273254,0.2558906078338623,-693814720.0,748947328.0,318111072.0,97087232.0
-0.08069832623004913,-0.9619094133377075,0.26065194606781006,-606389888.0,813664448.0,12973732.0,350705920.0
-0.0832621157169342,-0.9614210724830627,0.2597973346710205,-429972544.0,758927488.0,-294049312.0,552819328.0
-0.08020998537540436,-0.9619094133377075,0.26297155022621155,-184045120.0,587720320.0,-563255936.0,675556416.0
-0.07850079238414764,-0.9600781202316284,0.2617506980895996,83632864.0,332862464.0,-742798528.0,695255296.0
-0.07630325853824615,-0.9622756838798523,0.2563789486885071,339003232.0,29263178.0,-813324928.0,612898496.0
-0.07593700289726257,-0.9647173881530762,0.2558906078338623,544611072.0,-278597536.0,-764552384.0,440639712.0
-0.079355388879776,-0.9660602807998657,0.25479185581207275,670317824.0,-545650688.0,-603628544.0,203699424.0
-0.0814308375120163,-0.965205729007721,0.25540226697921753,697681408.0,-732600960.0,-354235232.0,-63050636.0
-0.08057624101638794,-0.9650835990905762,0.2621169686317444,622757504.0,-812094784.0,-52784488.0,-320640736.0
-0.07898913323879242,-0.9592235088348389,0.2621169686317444,451377472.0,-770052992.0,263389856.0,-535559552.0
-0.08216334879398346,-0.9649615287780762,0.2615065276622772,216914160.0,-614484288.0,533547232.0,-666037632.0
-0.07642534375190735,-0.9636185765266418,0.26504701375961304,-49429452.0,-368688288.0,725372928.0,-698842816.0
-0.08155292272567749,-0.956537663936615,0.2602856755256653,-308461088.0,-68838664.0,810770368.0,-629035712.0
-0.0775241106748581,-0.9671590924263,0.2623611390590668,-522178464.0,241131520.0,777208000.0,-466963072.0
-0.0775241106748581,-0.9627640247344971,0.2596752643585205,-659308160.0,515734848.0,629601856.0,-236333088.0
-0.07764619588851929,-0.9656940698623657,0.2579660713672638,-699659520.0,714644864.0,389675584.0,28873224.0
-0.07361738383769989,-0.9637407064437866,0.26077401638031006,-634615232.0,809536576.0,85181272.0,295938688.0
-0.07837870717048645,-0.9641069173812866,0.25906482338905334,-476847104.0,782035520.0,-225398976.0,512985472.0
-0.07813453674316406,-0.9643511176109314,0.2615065276622772,-249136224.0,639766272.0,-502866432.0,654734400.0
-0.07886704802513123,-0.9605664610862732,0.26065194606781006,15180675.0,403615872.0,-706542016.0,700416768.0
-0.0734952986240387,-0.9670369625091553,0.2638261616230011,277347136.0,108170672.0,-806493952.0,643324736.0
-0.0715419352054596,-0.9593456387519836,0.26455867290496826,498856416.0,-203078240.0,-788002304.0,491808224.0
-0.07593700289726257,-0.9583689570426941,0.25930899381637573,649527104.0,-490489856.0,-649510592.0,261900272.0
-0.07203027606010437,-0.9636185765266418,0.26126235723495483,700354368.0,-698672768.0,-417467328.0,-1630367.0
-0.0753265768289566,-0.9677695035934448,0.25845441222190857,648358528.0,-804349952.0,-124123528.0,-264890960.0
-0.0753265768289566,-0.9697228670120239,0.25674521923065186,501207712.0,-791960192.0,187428240.0,-489266848.0
-0.07996581494808197,-0.9693565964698792,0.25540226697921753,280550880.0,-663352064.0,471455456.0,-641799424.0
-0.08204126358032227,-0.9581247568130493,0.2617506980895996,18694696.0,-437357024.0,686282176.0,-700219648.0
-0.08375045657157898,-0.9597118496894836,0.2562568783760071,-245927856.0,-147194400.0,800463232.0,-655769280.0
-0.07825662195682526,-0.9658161401748657,0.2597973346710205,-479314176.0,171850096.0,795619072.0,-510526464.0
-0.07776828110218048,-0.9663044810295105,0.257599800825119,-636271872.0,458358784.0,672517184.0,-292758400.0
-0.079355388879776,-0.9626418948173523,0.2541814148426056,-699782016.0,677551872.0,450699008.0,-31944064.0
-0.07898913323879242,-0.9641069173812866,0.2602856755256653,-660601536.0,797202880.0,162651040.0,233536496.0
-0.079355388879776,-0.9605664610862732,0.25454768538475037,-524365504.0,799830080.0,-149218656.0,464723520.0
-0.0833842009305954,-0.9578806161880493,0.254425585269928,-311192000.0,685132672.0,-439123360.0,627570688.0
-0.08423879742622375,-0.9677695035934448,0.25076302886009216,-52345540.0,469927040.0,-664693248.0,698235584.0
-0.07715785503387451,-0.9725308418273926,0.25466975569725037,220453536.0,178557392.0,-794319040.0,664451840.0
-0.08289586007595062,-0.9675253033638,0.25650104880332947,454322656.0,-133000096.0,-803004480.0,532923296.0
-0.08423879742622375,-0.9733853936195374,0.2563789486885071,621531648.0,-425118368.0,-693861824.0,323187328.0
-0.08252960443496704,-0.9747283458709717,0.2561347782611847,697564928.0,-654820288.0,-482882816.0,66024688.0
-0.08423879742622375,-0.9672811627388,0.2596752643585205,671314432.0,-788357632.0,-201066608.0,-200805600.0
-0.08118666708469391,-0.9627640247344971,0.25540226697921753,546495744.0,-806252480.0,110248296.0,-438253504.0
-0.0772799402475357,-0.9687461853027344,0.25540226697921753,341511168.0,-705820032.0,405389920.0,-611366272.0
-0.08204126358032227,-0.965205729007721,0.25088512897491455,79837280.0,-495998656.0,645628032.0,-695483520.0
-0.08179709315299988,-0.9667928218841553,0.2540593445301056,-187692768.0,-217011568.0,784655872.0,-674473216.0
-0.08045415580272675,-0.9694786667823792,0.24905383586883545,-427652064.0,93757208.0,808569664.0,-554490688.0
-0.08094249665737152,-0.9680136442184448,0.2539372444152832,-604906752.0,390856000.0,713817856.0,-353135936.0
-0.07898913323879242,-0.961176872253418,0.2519838809967041,-693417472.0,630486464.0,514379904.0,-99969424.0
-0.08204126358032227,-0.9600781202316284,0.2533268332481384,-680173888.0,777668736.0,239415056.0,167918864.0
-0.07581491768360138,-0.9593456387519836,0.2602856755256653,-563182016.0,810007488.0,-78079352.0,416580096.0
-0.07813453674316406,-0.9553167819976807,0.26065194606781006,-365248416.0,721174528.0,-376973504.0,597756992.0
-0.07764619588851929,-0.9593456387519836,0.25674521923065186,-113641512.0,526509152.0,-620559104.0,691159616.0
-0.0772799402475357,-0.9658161401748657,0.2597973346710205,154614704.0,254508912.0,-773047360.0,683109696.0
-0.07508240640163422,-0.960932731628418,0.2561347782611847,400176448.0,-54700388.0,-812042880.0,574782208.0
-0.07557074725627899,-0.961176872253418,0.2533268332481384,587007232.0,-355890624.0,-731915904.0,382079872.0
-0.07801245152950287,-0.9621535539627075,0.2563789486885071,687672896.0,-604848704.0,-544411136.0,133424448.0
-0.07923330366611481,-0.9697228670120239,0.2505188584327698,686081792.0,-767667520.0,-270042208.0,-141340256.0
-0.07886704802513123,-0.9620314836502075,0.2615065276622772,582797888.0,-812706816.0,38552036.0,-388959520.0
-0.08582590520381927,-0.9632523655891418,0.2563789486885071,393929376.0,-738523840.0,341519328.0,-579386112.0
-0.08375045657157898,-0.9665486216545105,0.25869858264923096,147192544.0,-555884096.0,594402560.0,-684787776.0
-0.0853375643491745,-0.9667928218841553,0.25930899381637573,-121147208.0,-291593408.0,760005696.0,-689644480.0
-0.0872909277677536,-0.9696007966995239,0.25662311911582947,-371607296.0,15462749.0,814037376.0,-593239872.0
-0.08118666708469391,-0.9686241149902344,0.26297155022621155,-567608704.0,320239776.0,748491328.0,-409815840.0
-0.0852154791355133,-0.9644731879234314,0.2600415050983429,-681770432.0,583175616.0,567868288.0,-159819840.0
-0.08362837135791779,-0.9686241149902344,0.26101818680763245,-692134656.0,753691392.0,306791680.0,108163248.0
-0.07923330366611481,-0.9675253033638,0.25723356008529663,-600882240.0,813619904.0,679370.0,360394464.0
-0.07959955930709839,-0.9641069173812866,0.2556464374065399,-421453632.0,754161280.0,-305428480.0,559689728.0
-0.07911121845245361,-0.9678915739059448,0.25454768538475037,-180139552.0,584012544.0,-566784384.0,676872256.0
-0.08033207058906555,-0.9627640247344971,0.25296056270599365,87613784.0,328165024.0,-744909824.0,694739072.0
-0.08216334879398346,-0.9619094133377075,0.2538151741027832,348240448.0,16768346.0,-813924224.0,607368320.0
-0.08155292272567749,-0.961054801940918,0.25283849239349365,551252224.0,-290302464.0,-760445888.0,431843680.0
-0.08155292272567749,-0.9591014385223389,0.25674521923065186,673410304.0,-554801216.0,-595328192.0,192924880.0
-0.08387254178524017,-0.9597118496894836,0.25296056270599365,696695808.0,-737865024.0,-342891936.0,-74274872.0
-0.08240751922130585,-0.965327799320221,0.2499084323644638,617685696.0,-812695744.0,-40153296.0,-330604256.0
-0.0813087522983551,-0.9658161401748657,0.25491392612457275,448114176.0,-768215872.0,268447168.0,-538419584.0
-0.08314003050327301,-0.9637407064437866,0.2535710036754608,212770976.0,-611015040.0,537665344.0,-667252992.0
-0.08204126358032227,-0.9636185765266418,0.2519838809967041,-60445592.0,-357567872.0,731300032.0,-697576768.0
-0.07825662195682526,-0.9639848470687866,0.2563789486885071,-318491680.0,-56494408.0,811944128.0,-623730432.0
-0.08375045657157898,-0.9649615287780762,0.24929800629615784,-529739296.0,252915968.0,773506048.0,-458279072.0
-0.07911121845245361,-0.9693565964698792,0.25271639227867126,-663256512.0,525188128.0,621519872.0,-225616432.0
-0.08118666708469391,-0.971920371055603,0.25283849239349365,-699436992.0,720418432.0,378277152.0,40163480.0
-0.08460505306720734,-0.9696007966995239,0.2497863471508026,-632948032.0,809911936.0,79550312.0,300021184.0
-0.0833842009305954,-0.9643511176109314,0.25711145997047424,-473633280.0,780498816.0,-230870176.0,515861920.0
-0.0852154791355133,-0.9597118496894836,0.2503967881202698,-238541664.0,632001856.0,-513163552.0,658221952.0
-0.08375045657157898,-0.9658161401748657,0.25723356008529663,26576040.0,392711712.0,-713066240.0,699663680.0
-0.0813087522983551,-0.9705774784088135,0.2502746880054474,287753088.0,95898608.0,-808318720.0,638391744.0
-0.08594799041748047,-0.9733853936195374,0.2541814148426056,506673120.0,-215076704.0,-784978624.0,483481568.0
-0.08204126358032227,-0.9666707515716553,0.25320473313331604,651331136.0,-494365664.0,-646469312.0,257622384.0
-0.08265168964862823,-0.9664265513420105,0.25259432196617126,700429888.0,-701155136.0,-413115104.0,-6070716.0
-0.07898913323879242,-0.9645952582359314,0.25064095854759216,646791424.0,-805019520.0,-119198360.0,-268919488.0
-0.0794774740934372,-0.9627640247344971,0.2497863471508026,493526368.0,-789053568.0,199383168.0,-496984992.0
-0.07850079238414764,-0.9632523655891418,0.25503602623939514,270565504.0,-656088832.0,481373920.0,-646175232.0
-0.08069832623004913,-0.9620314836502075,0.2557685375213623,7887837.0,-426860032.0,692771008.0,-700512768.0
-0.0833842009305954,-0.9670369625091553,0.24929800629615784,-255894304.0,-135047200.0,802570304.0,-651983744.0
-0.07984372973442078,-0.9746062755584717,0.25662311911582947,-482166784.0,176662368.0,794547264.0,-507860000.0
-0.08484922349452972,-0.965205729007721,0.25540226697921753,-637691520.0,462384000.0,669930368.0,-289249504.0
-0.08765718340873718,-0.9648394584655762,0.25515809655189514,-699828544.0,684373440.0,440828960.0,-21548346.0
-0.08655841648578644,-0.9696007966995239,0.254425585269928,-656697984.0,799766848.0,151153104.0,243300112.0
-0.08668050169944763,-0.9634965062141418,0.25698938965797424,-517263840.0,797750720.0,-160579232.0,472406304.0
-0.0833842009305954,-0.9622756838798523,0.2499084323644638,-301823360.0,678751808.0,-448748416.0,632253952.0
-0.08191917836666107,-0.9664265513420105,0.25100719928741455,-42101696.0,460167488.0,-671088384.0,699310464.0
-0.07813453674316406,-0.9681357741355896,0.2519838809967041,223786608.0,174098528.0,-794908480.0,663815680.0
-0.08033207058906555,-0.9677695035934448,0.2478329837322235,456860736.0,-137542448.0,-802154624.0,530876448.0
-0.0754486620426178,-0.9731412529945374,0.2518618106842041,625884416.0,-435293792.0,-687766976.0,314143424.0
-0.079355388879776,-0.9669148921966553,0.2556464374065399,698236544.0,-661821312.0,-473572288.0,55759868.0
-0.08814552426338196,-0.9661824107170105,0.2480771541595459,667986048.0,-791352384.0,-189886992.0,-210761712.0
-0.0833842009305954,-0.9680136442184448,0.2577219009399414,539843776.0,-804664000.0,121642280.0,-446328544.0
-0.08912220597267151,-0.9689903259277344,0.2536930739879608,332419072.0,-699940288.0,415417248.0,-616385600.0
-0.08753509819507599,-0.9689903259277344,0.25454768538475037,76164800.0,-492452384.0,648214336.0,-696009536.0
-0.08497130870819092,-0.971676230430603,0.25686728954315186,-191192784.0,-212735776.0,785791232.0,-673529856.0
-0.0892442911863327,-0.9625198245048523,0.25283849239349365,-435731616.0,105523216.0,807167936.0,-548091456.0
-0.08948846161365509,-0.9647173881530762,0.24954217672348022,-609979776.0,401088768.0,708172800.0,-344187808.0
-0.08497130870819092,-0.9645952582359314,0.24966426193714142,-694806208.0,637799936.0,505290336.0,-89770776.0
-0.08069832623004913,-0.9685019850730896,0.2502746880054474,-677699008.0,780961408.0,228283840.0,177852016.0
-0.08191917836666107,-0.9641069173812866,0.24893175065517426,-561182336.0,809546560.0,-82153864.0,419381600.0
-0.07850079238414764,-0.9658161401748657,0.2497863471508026,-362296544.0,719371968.0,-380579936.0,599437760.0
-0.07825662195682526,-0.9667928218841553,0.2505188584327698,-103661120.0,517957760.0,-627935296.0,692526464.0
-0.08033207058906555,-0.9630081653594971,0.2534489035606384,164424912.0,243920736.0,-776503744.0,680757376.0
-0.08411671221256256,-0.9663044810295105,0.24942009150981903,408361056.0,-65946068.0,-811175360.0,569041600.0
-0.0833842009305954,-0.9713099598884583,0.2505188584327698,592366656.0,-366132736.0,-726782720.0,373840832.0
-0.0854596495628357,-0.9594677090644836,0.24929800629615784,689486976.0,-612491968.0,-535782304.0,123774336.0
-0.08753509819507599,-0.9584910273551941,0.2499084323644638,685413824.0,-769033856.0,-266170816.0,-144462560.0
-0.08289586007595062,-0.9605664610862732,0.2501526176929474,580804096.0,-812715904.0,42435260.0,-391510240.0
-0.08277377486228943,-0.9631302356719971,0.25112929940223694,385432896.0,-734039552.0,351565664.0,-584765376.0
-0.08008790016174316,-0.9685019850730896,0.254425585269928,137313424.0,-547920512.0,601710272.0,-686872896.0
-0.08509339392185211,-0.971920371055603,0.246245875954628,-130850616.0,-281515168.0,763572224.0,-688117952.0
-0.07874496281147003,-0.9708216190338135,0.25308266282081604,-379909312.0,26214824.0,813353728.0,-588522688.0
-0.08118666708469391,-0.9649615287780762,0.2538151741027832,-573260864.0,330072736.0,743803008.0,-402619648.0
-0.08777926862239838,-0.9606885313987732,0.2518618106842041,-682446720.0,585602112.0,565179072.0,-157577504.0
-0.08289586007595062,-0.965205729007721,0.25466975569725037,-691520896.0,755194560.0,303596448.0,110592752.0
-0.08619216084480286,-0.9600781202316284,0.2536930739879608,-595633984.0,813942208.0,-9913446.0,368159616.0
-0.08558173477649689,-0.9663044810295105,0.25076302886009216,-413533792.0,750440384.0,-315115104.0,565201728.0
-0.0814308375120163,-0.9697228670120239,0.25491392612457275,-170752400.0,576779072.0,-574079616.0,679355328.0
-0.08375045657157898,-0.9699670076370239,0.24905383586883545,97047440.0,318569024.0,-748789504.0,693780480.0
-0.07825662195682526,-0.9675253033638,0.2521059811115265,350680768.0,13609008.0,-813594816.0,606483968.0
-0.07862287759780884,-0.9687461853027344,0.25528019666671753,552859136.0,-293349440.0,-759022272.0,430231968.0
-0.0833842009305954,-0.9636185765266418,0.2524722218513489,673892480.0,-557301632.0,-593120320.0,190823520.0
-0.08094249665737152,-0.9665486216545105,0.25454768538475037,695272000.0,-742572224.0,-333446880.0,-83174896.0
-0.08582590520381927,-0.9631302356719971,0.2540593445301056,613010304.0,-813409664.0,-29889000.0,-338542816.0
-0.08607007563114166,-0.9680136442184448,0.25271639227867126,440761024.0,-764928192.0,278093536.0,-544242688.0
-0.08155292272567749,-0.9672811627388,0.2556464374065399,203812496.0,-604153472.0,545228736.0,-670153856.0
-0.08289586007595062,-0.9649615287780762,0.2499084323644638,-63043444.0,-354805504.0,732347072.0,-697658816.0
-0.0794774740934372,-0.9623977541923523,0.2563789486885071,-320688032.0,-53347108.0,811965824.0,-622853312.0
-0.07984372973442078,-0.9631302356719971,0.25088512897491455,-535517376.0,262968672.0,770130944.0,-451540096.0
-0.08033207058906555,-0.9694786667823792,0.2516176402568817,-665956224.0,533325120.0,614689600.0,-217128496.0
-0.07508240640163422,-0.9736295938491821,0.2458796203136444,-698669568.0,725336320.0,369136096.0,49071984.0
-0.07239653170108795,-0.9853497743606567,0.24954217672348022,-628966016.0,810937152.0,69349824.0,308049984.0
-0.079355388879776,-0.9809547066688538,0.24746672809123993,-467057376.0,777544768.0,-240657184.0,521811424.0
-0.08887803554534912,-0.9711878895759583,0.24917592108249664,-236628544.0,630089280.0,-515440672.0,658966464.0
-0.09156391024589539,-0.9730191826820374,0.2516176402568817,28443552.0,390218688.0,-714616256.0,699403648.0
-0.09742400050163269,-0.9727749824523926,0.25064095854759216,295353984.0,85707032.0,-809851136.0,634415424.0
-0.0973019152879715,-0.9649615287780762,0.2521059811115265,512424512.0,-224805024.0,-782597824.0,476808096.0
-0.09449395537376404,-0.9630081653594971,0.2523501515388489,654373184.0,-502358144.0,-640524928.0,249161312.0
-0.09070931375026703,-0.9605664610862732,0.25466975569725037,700350272.0,-706088064.0,-404530688.0,-15018525.0
-0.08423879742622375,-0.9537296891212463,0.2539372444152832,643605184.0,-806212992.0,-109295832.0,-277072032.0
-0.07886704802513123,-0.9666707515716553,0.2541814148426056,492439168.0,-788109824.0,202023184.0,-498492416.0
-0.07325112819671631,-0.9678915739059448,0.25466975569725037,269011904.0,-654374016.0,483656032.0,-646858240.0
-0.07227444648742676,-0.961054801940918,0.26065194606781006,-535475.0,-418278016.0,698154176.0,-700389568.0
-0.07496032118797302,-0.9627640247344971,0.25723356008529663,-263901984.0,-125134728.0,804248384.0,-648693376.0
-0.07813453674316406,-0.9675253033638,0.25662311911582947,-488483232.0,186391024.0,792295872.0,-501827904.0
-0.08252960443496704,-0.960932731628418,0.2578439712524414,-641410880.0,470566944.0,664038784.0,-281305568.0
-0.08704675734043121,-0.9482358694076538,0.26126235723495483,-700248128.0,685614144.0,438322240.0,-19517784.0
-0.08997680246829987,-0.9556830525398254,0.25308266282081604,-656184064.0,800166976.0,148336800.0,245097808.0
-0.08680258691310883,-0.9575143456459045,0.25454768538475037,-511315584.0,795798848.0,-170640448.0,478606208.0
-0.08814552426338196,-0.9641069173812866,0.2481992393732071,-293829216.0,673295040.0,-457307520.0,635711872.0
-0.08094249665737152,-0.9660602807998657,0.24905383586883545,-33230276.0,451989792.0,-676793536.0,699623488.0
-0.08509339392185211,-0.9702112078666687,0.246245875954628,232282752.0,164299072.0,-797022272.0,660853632.0
-0.0814308375120163,-0.961054801940918,0.2533268332481384,463755200.0,-147401376.0,-800169344.0,525218496.0
-0.0853375643491745,-0.9593456387519836,0.25271639227867126,627178624.0,-437589888.0,-685913344.0,312420352.0
-0.08509339392185211,-0.971554160118103,0.25454768538475037,698474560.0,-663619648.0,-470927552.0,53768504.0
-0.08240751922130585,-0.9764375686645508,0.2519838809967041,665140480.0,-793886336.0,-179602256.0,-219082720.0
-0.0874130129814148,-0.9688682556152344,0.25894275307655334,533908736.0,-803142656.0,132100216.0,-453182496.0
-0.09168599545955658,-0.9700891375541687,0.2497863471508026,324266080.0,-694568320.0,424402944.0,-620668992.0
-0.09070931375026703,-0.9724087119102478,0.25491392612457275,67164016.0,-484116736.0,654335872.0,-697055296.0
-0.09034305810928345,-0.9632523655891418,0.2497863471508026,-199894112.0,-202695056.0,788318400.0,-671142784.0
-0.08948846161365509,-0.9630081653594971,0.24966426193714142,-437577664.0,108427040.0,806677888.0,-546773888.0
-0.09034305810928345,-0.9647173881530762,0.2439262568950653,-611048960.0,403677600.0,706779712.0,-342122144.0
-0.08643633127212524,-0.9685019850730896,0.24502502381801605,-695696832.0,644230080.0,497368800.0,-80742336.0
-0.08411671221256256,-0.9678915739059448,0.2458796203136444,-675239104.0,783785920.0,218642848.0,186677680.0
-0.08240751922130585,-0.9666707515716553,0.25125136971473694,-555806016.0,808312192.0,-92220360.0,426764512.0
-0.08814552426338196,-0.9702112078666687,0.2505188584327698,-354831872.0,714301632.0,-389622624.0,604138432.0
-0.08472713828086853,-0.9659382104873657,0.25662311911582947,-101793248.0,515452864.0,-629816000.0,692964480.0
-0.0892442911863327,-0.9612990021705627,0.25112929940223694,166144496.0,241065824.0,-777640064.0,680059328.0
-0.08668050169944763,-0.9641069173812866,0.25845441222190857,409706464.0,-68717200.0,-811352256.0,567492352.0
-0.08643633127212524,-0.9691124558448792,0.25454768538475037,596639104.0,-375046144.0,-722722880.0,365999104.0
-0.08643633127212524,-0.9658161401748657,0.25857648253440857,690864704.0,-618920704.0,-528561728.0,114834888.0
-0.08948846161365509,-0.9663044810295105,0.2558906078338623,683671232.0,-772052160.0,-256880496.0,-153176256.0
-0.08594799041748047,-0.9666707515716553,0.25735563039779663,576216384.0,-811885632.0,52429548.0,-398734240.0
-0.08692467212677002,-0.9625198245048523,0.2558906078338623,384217824.0,-732620800.0,354030176.0,-585856256.0
-0.08387254178524017,-0.9648394584655762,0.2558906078338623,135863488.0,-545912576.0,603668160.0,-687042048.0
